208
279
381
425
648
747
790
855
894
1020
1160
1212
1568
1868
1886
1902
1955
2030
2156
2256
2543
2613
2850
3007
3181
3398
3448
3516
4034
4086
4104
4343
4380
4740
4784
4832
5664
5678
5781
6071
6080
6122
6246
6284
6305
6410
6490
7094
7339
7899
8138
8334
8533
8841
8861
8877
8902
9010
9058
9373
9475
9480
9659
9898
10100
10105
10371
10378
10747
10812
11280
11370
11888
11906
12038
12048
12144
12152
12188
12563
12565
12794
12855
12955
13077
13230
13784
13877
13939
14001
14213
14460
14673
14894
15100
15330
15504
15764
16039
16047
16130
16260
16597
16625
16641
16766
16896
16926
17159
17195
17327
17514
17700
17705
17821
18103
18169
18393
18409
18575
18815
18826
19131
19215
19305
19542
19624
19843
19932
19951
20172
20313
20329
20471
20604
20638
20988
21147
21250
21278
21297
21305
21553
21657
21735
21814
21958
22135
22176
22269
22337
22340
22369
22374
22541
22590
22603
22687
22701
22748
22811
24285
34339
34675
35585
35648
36397
47159
57395
62538
62844
62886
64085
64135
64179
64225
64298
64378
64393
64502
64525
64672
64673
64739
64767
64771
64817
64823
65085
65101
65447
65606
65609
65741
65770
66130
66237
66314
66336
94543
94544
94547
94548
94551
94554
94555
94556
94571
94574
94575
94594
94602
94603
94606
94618
94621
94622
94636
94637
94639
94643
94649
94690
94696
94698
94699
94700
94701
94708
94709
94713
94714
94719
94731
94733
94742
94776
94780
94790
94793
94808
94810
94812
94813
94814
94815
94826
94838
94849
94858
94865
94867
94870
94871
94872